entropy: 0.996316519558962
erro: 0.4642857142857143